15,5
15,4
0,436
0,435
0,408
21,6
21,5
21,4
21,3
21,2
21,1
21,0
5,2
20,6
20,5
20,4
20,3
20,2
20,1
20,0
19,4
5,5
5,4
13,3
19,3
11,3
7,3
6,3
18,3
16,3
15,3
5,3
4,3
4,2
4,1
4,0
3,6
3,5
3,4
3,3
3,2
3,1
3,0
2,3
2,2
2,1
2,0
1,3
1,2
1,1
1,0
0,243
0,9
0,1
0,0
0,310
0,305
0,308
0,304
0,303
0,302
0,307
0,12
0,10
0,8
0,419
0,300
0,418
0,299
0,417
0,298
0,434
0,297
0,415
0,296
0,414
0,295
0,416
0,294
0,413
0,293
0,412
0,292
0,411
0,291
0,410
0,290
0,409
0,289
0,407
0,288
0,433
0,287
0,406
0,286
0,405
0,285
0,404
0,284
0,432
0,283
0,402
0,282
0,401
0,281
0,403
0,280
0,400
0,279
0,399
0,278
0,398
0,277
0,397
0,276
0,396
0,275
0,395
0,274
0,431
0,273
0,394
0,272
0,393
0,271
0,392
0,270
0,430
0,269
0,390
0,268
0,389
0,267
0,391
0,266
0,388
0,265
0,387
0,264
0,386
0,263
0,385
0,262
0,384
0,261
0,383
0,260
0,429
0,259
0,382
0,258
0,381
0,257
0,380
0,256
0,428
0,255
0,378
0,254
0,377
0,253
0,379
0,252
0,376
0,251
0,375
0,250
0,374
0,249
0,373
0,248
0,372
0,247
0,371
0,246
0,427
0,245
0,370
0,244
0,369
0,242
0,368
0,241
0,426
0,240
0,366
0,239
0,365
0,238
0,367
0,237
0,364
0,236
0,363
0,235
0,362
0,234
0,361
0,233
0,360
0,232
0,359
0,231
0,425
0,230
0,358
0,229
0,357
0,228
0,356
0,227
0,424
0,226
0,355
0,225
0,354
0,224
0,353
0,223
0,352
0,222
0,423
0,221
0,422
0,220
0,351
0,219
0,350
0,218
0,349
0,217
0,348
0,216
0,215
0,421
0,214
0,347
0,213
0,346
0,212
0,345
0,211
0,344
0,210
0,209
0,208
0,343
0,207
0,342
0,206
0,341
0,205
0,340
0,204
0,339
0,203
0,338
0,202
0,337
0,201
0,336
0,200
0,335
0,199
0,334
0,198
0,333
0,197
0,332
0,196
0,331
0,195
0,330
0,194
0,329
0,193
0,328
0,192
0,327
0,63
0,326
0,62
0,325
0,61
0,324
0,60
0,323
0,59
0,321
0,58
0,320
0,57
0,319
0,56
0,318
0,55
0,317
0,54
0,420
0,53
0,316
0,52
0,315
0,51
0,314
0,50
0,313
0,49
0,312
0,48
0,311
0,47
0,309
0,46
0,306
0,45
0,301
0,6
0,5
0,11
0,4
0,2
0,3
0,7
